-0.000400	0.010000
-0.001600	0.019600
-0.003600	0.032400
-0.006400	0.048400
-0.010000	0.067600
-0.014400	0.090000
-0.019600	0.115600
-0.025600	0.144400
-0.032400	0.176400
-0.040000	0.211600
-0.048400	0.250000
-0.057600	0.291600
-0.067600	0.336400
-0.078400	0.384400
-0.090000	0.435600
-0.102400	0.490000
0.002500	0.490000
0.014400	0.473344
0.028900	0.456976
0.048400	0.440896
0.072900	0.425104
0.102400	0.409600
0.136900	0.394384
0.160000	0.379456
0.160000	0.364816
0.136900	0.350464
0.115600	0.336400
0.096100	0.322624
0.078400	0.309136
0.062500	0.295936
0.048400	0.283024
0.036100	0.270400
0.025600	0.258064
0.016900	0.246016
0.010000	0.234256
0.004900	0.222784
0.001600	0.211600
0.000100	0.200704
0.000400	0.190096
0.002500	0.179776
0.006400	0.169744
0.012100	0.160000
0.019600	0.150544
0.028900	0.141376
0.040000	0.132496
0.000000	0.000000
0.000000	0.000000
0.000000	0.000000
0.000000	0.000000
0.000000	0.000000
0.000000	0.000000
0.000000	0.000000
0.000000	0.000000
0.000000	0.000000
0.000000	0.000000
0.000000	0.000000
0.000000	0.000000
0.000000	0.000000
0.000000	0.000000
0.000000	0.000000
0.000000	0.000000
0.000000	0.000000
0.000000	0.000000
0.000000	0.000000
0.000000	0.000000
0.000000	0.000000
0.000000	0.000000
0.000000	0.000000
0.000000	0.000000
0.000000	0.000000
0.000000	0.000000
0.000000	0.000000
0.000000	0.000000
0.000000	0.000000
0.000000	0.000000
0.000000	0.000000
0.000000	0.000000
0.000000	0.000000
0.000000	0.000000
0.000000	0.000000
0.000000	0.000000
0.000000	0.000000
0.000000	0.000000
0.000000	0.000000
0.000000	0.000000
0.000000	0.000000
0.000000	0.000000
0.000000	0.000000
0.000000	0.000000
0.000000	0.000000
