31	16	
0.095564	2.990868	1
0.128860	3.092129	2
0.162156	3.196819	3
0.195453	3.305054	4
0.228749	3.416953	5
0.262046	3.532640	6
0.295342	3.652245	7
0.328638	3.775898	8
0.361935	3.903739	9
0.395231	4.035907	10
0.428528	4.172551	11
0.461824	4.313820	12
0.495120	4.459873	13
0.528417	4.610871	14
0.561713	4.766981	15
0.595010	4.928376	16
0.664308	4.970817	17
0.733607	4.994640	18
0.802905	4.999387	19
0.872204	4.984967	20
0.941503	4.951657	21
1.010801	4.900096	22
1.080100	4.831272	23
1.149399	4.746506	24
1.218697	4.647423	25
1.287996	4.535923	26
1.357295	4.414145	27
1.426593	4.284425	28
1.495892	4.149249	29
1.565191	4.011211	30
1.634489	3.872959	31
1.703788	3.737142	32
1.773086	3.606367	33
1.842385	3.483141	34
1.911684	3.369828	35
1.980982	3.268600	36
2.050281	3.181400	37
2.119580	3.109899	38
2.188878	3.055469	39
2.258177	3.019153	40
2.327476	3.001649	41
2.396774	3.003292	42
2.466073	3.024050	43
2.535372	3.063525	44
2.604670	3.120960	45
2.673969	3.195254	46
2.602849	2.868640	47
2.531729	2.567729	48
2.460610	2.291136	49
2.389490	2.037515	50
2.318370	1.805557	51
2.247251	1.593991	52
2.176131	1.401587	53
2.105011	1.227150	54
2.033891	1.069525	55
1.962772	0.927597	56
1.891652	0.800285	57
1.820532	0.686552	58
1.749412	0.585395	59
1.678293	0.495851	60
1.607173	0.416995	61
1.556786	0.576417	62
1.506399	0.730762	63
1.456012	0.880029	64
1.405625	1.024218	65
1.355238	1.163330	66
1.304851	1.297363	67
1.254464	1.426320	68
1.204077	1.550198	69
1.153690	1.668999	70
1.103303	1.782722	71
1.052916	1.891367	72
1.002529	1.994935	73
0.952142	2.093425	74
0.901755	2.186837	75
0.851368	2.275172	76
0.800981	2.358429	77
0.750594	2.436608	78
0.700207	2.509710	79
0.649820	2.577734	80
0.599433	2.640680	81
0.549046	2.698548	82
0.498659	2.751339	83
0.448272	2.799052	84
0.397885	2.841687	85
0.347498	2.879245	86
0.297111	2.911725	87
0.246724	2.939127	88
0.196337	2.961452	89
0.145951	2.978698	90
